0
0
0
0
0
0
0
0
0
0
0
0
0
0
0
0
0
0
0
0
0
0
0
32258
30303
28571
27027
25641
24390
22727
21739
20408
19230
18182
17241
16129
15385
14493
13699
12821
12195
11494
10753
10204
9615
9091
8547
8130
7634
7194
6803
6410
6061
5714
5405
5102
4808
4545
4292
4049
3817
3610
3401
3215
3030
2865
2703
2551
2410
2273
2146
2024
1912
1805
1704
1608
1517
1433
1351
1276
1203
1136
1073
1012
955
902
851
803
758
716
676
638
602
568
536
506
478
451
426
402
379
358
338
315
301
284
268
253
239
225
213
201
0
0
0
0
0
0
0
0
0
0
0
0
0
0
0
0
