Guns N' Roses - Sweet Child O' Mine
140 49 0 0
140 61 0 0
140 56 0 0
140 54 0 0
140 66 0 0
140 56 0 0
140 65 0 0
140 56 0 0
140 49 0 0
140 61 0 0
140 56 0 0
140 54 0 0
140 66 0 0
140 56 0 0
140 65 0 0
140 56 0 0
140 51 0 0
140 61 0 0
140 56 0 0
140 54 0 0
140 66 0 0
140 56 0 0
140 65 0 0
140 56 0 0
140 51 0 0
140 61 0 0
140 56 0 0
140 54 0 0
140 66 0 0
140 56 0 0
140 65 0 0
140 56 0 0
140 54 0 0
140 61 0 0
140 56 0 0
140 54 0 0
140 66 0 0
140 56 0 0
140 65 0 0
140 56 0 0
140 54 0 0
140 61 0 0
140 56 0 0
140 54 0 0
140 66 0 0
140 56 0 0
140 65 0 0
140 56 0 0
140 49 0 0
140 61 0 0
140 56 0 0
140 54 0 0
140 66 0 0
140 56 0 0
140 65 0 0
140 56 0 0
140 49 0 0
140 61 0 0
140 56 0 0
140 54 0 0
140 66 0 0
140 56 0 0
140 65 0 0
140 56 44 0
140 56 0 0
140 49 49 0
140 61 49 0
140 56 49 0
140 56 0 0
140 54 53 0
140 66 53 0
140 66 0 0
140 56 49 0
140 56 0 0
140 65 53 0
140 65 0 0
140 56 54 0
140 56 0 0
140 49 56 0
140 61 56 0
140 61 0 0
140 65 58 0
140 65 0 0
140 56 56 0
140 56 0 0
140 66 54 0
140 66 0 0
140 65 53 0
140 65 0 0
140 65 49 0
140 65 0 0
140 56 37 0
140 56 0 0
140 51 47 0
140 61 47 0
140 61 47 0
140 61 0 0
140 54 54 0
140 66 54 0
140 56 54 0
140 65 54 0
140 65 0 0
140 56 47 0
140 56 0 0
140 51 52 0
140 51 0 0
140 61 51 0
140 61 0 0
140 56 47 0
140 56 0 0
140 54 52 0
140 0 52 0
140 66 52 0
140 66 0 0
140 56140
140 56 0 0
140 65 47 0
140 65 0 0
140 56 37 0
140 56 0 0
140 54 42 0
140 61 42 0
140 56 42 0
140 54 42 0
140 66 42 0
140 56 0 0
140 65 0 0
140 56 49 0
140 56 0 0
140 54 54 0
140 61 54 0
140 56 54 0
140 54 54 0
140 66 54 0
140 56 0 0
140 65 0 0
140 56 49 0
140 0 0 1
